0 
0 
0 
0 
0 
0 
0 
100000 
100000 
100000 
100000 
100000 
100000 
100000 
200000 
200000 
200000 
200000 
200000 
200000 
300000 
300000 
300000 
300000 
300000 
300000 
300000 
400000 
400000 
400000 
400000 
400000 
400000 
400000 
500000 
500000 
500000 
500000 
500000 
500000 
500000 
500000 
600000 
600000 
600000 
600000 
600000 
600000 
600000 
700000 
700000 
700000 
700000 
700000 
700000 
700000 
700000 
700000 
800000 
800000 
800000 
800000 
800000 
800000 
800000 
800000 
800000 
800000 
800000 
900000 
900000 
900000 
900000 
900000 
900000 
900000 
900000 
900000 
900000 
900000 
900000 
900000 
900000 
900000 
900000 
1000000 
1000000 
1000000 
1000000 
1000000 
1000000 
1000000 
1000000 
1000000 
1000000 
1000000 
1000000 
1000000 
1000000 
1000000 
1000000 
1000000 
1000000 
1000000 
1000000 
1000000 
1000000 
1000000 
1000000 
1000000 
1000000 
1000000 
1000000 
1000000 
1000000 
1000000 
1000000 
1000000 
1000000 
1000000 
1000000 
1000000 
1000000 
1000000 
900000 
900000 
900000 
900000 
900000 
900000 
900000 
900000 
900000 
900000 
900000 
900000 
900000 
900000 
800000 
800000 
800000 
800000 
800000 
800000 
800000 
800000 
800000 
800000 
700000 
700000 
700000 
700000 
700000 
700000 
700000 
700000 
600000 
600000 
600000 
600000 
600000 
600000 
600000 
500000 
500000 
500000 
500000 
500000 
500000 
500000 
400000 
400000 
400000 
400000 
400000 
400000 
300000 
300000 
300000 
300000 
300000 
300000 
200000 
200000 
200000 
200000 
200000 
100000 
100000 
100000 
100000 
100000 
0 
0 
0 
0 
0 
0 
-100000 
-100000 
-100000 
-100000 
-100000 
-200000 
-200000 
-200000 
-200000 
-200000 
-300000 
-300000 
-300000 
-300000 
-400000 
-400000 
-400000 
-400000 
-400000 
-500000 
-500000 
-500000 
-500000 
-500000 
-600000 
-600000 
-600000 
-600000 
-600000 
-700000 
-700000 
-700000 
-700000 
-700000 
-800000 
-800000 
-800000 
-800000 
-800000 
-900000 
-900000 
-900000 
-900000 
-900000 
-1000000 
-1000000 
-1000000 
-1000000 
-1000000 
-1000000 
-1100000 
-1100000 
-1100000 
-1100000 
-1100000 
-1100000 
-1200000 
-1200000 
-1200000 
-1200000 
-1200000 
-1300000 
-1300000 
-1300000 
-1300000 
-1300000 
-1300000 
-1300000 
-1400000 
-1400000 
-1400000 
-1400000 
-1400000 
-1400000 
-1400000 
-1400000 
-1500000 
-1500000 
-1500000 
-1500000 
-1500000 
-1500000 
-1500000 
-1500000 
-1500000 
-1500000 
-1500000 
-1600000 
-1600000 
-1600000 
-1600000 
-1600000 
-1600000 
-1600000 
-1600000 
-1600000 
-1600000 
-1600000 
-1600000 
-1600000 
-1600000 
-1600000 
-1600000 
-1600000 
-1600000 
-1600000 
-1600000 
-1600000 
-1600000 
-1600000 
-1600000 
-1600000 
-1600000 
-1600000 
-1600000 
-1600000 
-1600000 
-1600000 
-1600000 
-1600000 
-1600000 
-1600000 
-1600000 
-1600000 
-1600000 
-1600000 
-1600000 
-1600000 
-1600000 
-1500000 
-1500000 
-1500000 
-1500000 
-1500000 
-1500000 
-1500000 
-1500000 
-1500000 
-1400000 
-1400000 
-1400000 
-1400000 
-1400000 
-1400000 
-1400000 
-1300000 
-1300000 
-1300000 
-1300000 
-1300000 
-1200000 
-1200000 
-1200000 
-1200000 
-1200000 
-1100000 
-1100000 
-1100000 
-1100000 
-1100000 
-1000000 
-1000000 
-1000000 
-1000000 
-1000000 
-900000 
-900000 
-900000 
-900000 
-800000 
-800000 
-800000 
-800000 
-700000 
-700000 
-700000 
-600000 
-600000 
-600000 
-600000 
-500000 
-500000 
-500000 
-400000 
-400000 
-400000 
-400000 
-300000 
-300000 
-300000 
-200000 
-200000 
-200000 
-100000 
-100000 
-100000 
0 
0 
0 
0 
100000 
100000 
100000 
200000 
200000 
200000 
300000 
300000 
300000 
400000 
400000 
400000 
500000 
500000 
500000 
600000 
600000 
700000 
700000 
700000 
800000 
800000 
800000 
800000 
900000 
900000 
1000000 
1000000 
1000000 
1100000 
1100000 
1100000 
1100000 
1200000 
1200000 
1200000 
1300000 
1300000 
1300000 
1400000 
1400000 
1400000 
1500000 
1500000 
1500000 
1600000 
1600000 
1600000 
1600000 
1700000 
1700000 
1700000 
1800000 
1800000 
1800000 
1800000 
1900000 
1900000 
1900000 
2000000 
2000000 
2000000 
2000000 
2000000 
2100000 
2100000 
2100000 
2100000 
2200000 
2200000 
2200000 
2200000 
2200000 
2300000 
2300000 
2300000 
2300000 
2300000 
2300000 
2400000 
2400000 
2400000 
2400000 
2400000 
2400000 
2400000 
2400000 
2500000 
2500000 
2500000 
2500000 
2500000 
2500000 
2500000 
2500000 
2500000 
2500000 
2500000 
2500000 
2500000 
2600000 
2600000 
2600000 
2600000 
2600000 
2600000 
2600000 
2600000 
2500000 
2500000 
2600000 
2500000 
2500000 
2500000 
2500000 
2500000 
2500000 
2500000 
2500000 
2500000 
2500000 
2400000 
2400000 
2400000 
2400000 
2400000 
2400000 
2400000 
2300000 
2300000 
2300000 
2300000 
2300000 
2300000 
2200000 
2200000 
2200000 
2200000 
2100000 
2100000 
2100000 
2100000 
2000000 
2000000 
2000000 
2000000 
1900000 
1900000 
1900000 
1800000 
1800000 
1800000 
1700000 
1700000 
1700000 
1600000 
1600000 
1600000 
1500000 
1500000 
1400000 
1400000 
1400000 
1300000 
1300000 
1200000 
1200000 
1200000 
1100000 
1100000 
1000000 
1000000 
900000 
900000 
900000 
800000 
800000 
700000 
700000 
600000 
600000 
500000 
500000 
400000 
400000 
300000 
300000 
200000 
200000 
100000 
100000 
0 
0 
0 
-100000 
-200000 
-200000 
-300000 
-300000 
-400000 
-400000 
-500000 
-500000 
-600000 
-600000 
-700000 
-700000 
-800000 
-800000 
-900000 
-900000 
-1000000 
-1100000 
-1100000 
-1200000 
-1200000 
-1300000 
-1300000 
-1400000 
-1400000 
-1500000 
-1500000 
-1600000 
-1600000 
-1700000 
-1700000 
-1800000 
-1900000 
-1900000 
-1900000 
-2000000 
-2100000 
-2100000 
-2200000 
-2200000 
-2200000 
-2300000 
-2400000 
-2400000 
-2500000 
-2500000 
-2600000 
-2600000 
-2600000 
-2700000 
-2700000 
-2800000 
-2800000 
-2800000 
-2900000 
-2900000 
-3000000 
-3000000 
-3100000 
-3100000 
-3100000 
-3200000 
-3200000 
-3300000 
-3300000 
-3300000 
-3400000 
-3400000 
-3400000 
-3500000 
-3500000 
-3500000 
-3600000 
-3600000 
-3600000 
-3600000 
-3700000 
-3700000 
-3700000 
-3800000 
-3800000 
-3800000 
-3800000 
-3800000 
-3900000 
-3900000 
-3900000 
-3900000 
-3900000 
-4000000 
-4000000 
-4000000 
-4000000 
-4000000 
-4000000 
-4000000 
-4000000 
-4000000 
-4000000 
-4000000 
-4000000 
-4000000 
-4100000 
-4100000 
-4100000 
-4000000 
-4100000 
-4100000 
-4000000 
-4000000 
-4000000 
-4000000 
-4000000 
-4000000 
-4000000 
-4000000 
-4000000 
-4000000 
-4000000 
-3900000 
-3900000 
-3900000 
-3900000 
-3900000 
-3800000 
-3800000 
-3800000 
-3800000 
-3700000 
-3700000 
-3700000 
-3700000 
-3600000 
-3600000 
-3600000 
-3500000 
-3500000 
-3500000 
-3400000 
-3400000 
-3400000 
-3300000 
-3300000 
-3200000 
-3200000 
-3200000 
-3100000 
-3100000 
-3000000 
-3000000 
-2900000 
-2900000 
-2800000 
-2800000 
-2700000 
-2700000 
-2600000 
-2600000 
-2500000 
-2500000 
-2400000 
-2300000 
-2300000 
-2200000 
-2200000 
-2100000 
-2000000 
-2000000 
-1900000 
-1900000 
-1800000 
-1700000 
-1700000 
-1600000 
-1500000 
-1500000 
-1400000 
-1300000 
-1300000 
-1200000 
-1100000 
-1000000 
-1000000 
-900000 
-800000 
-700000 
-700000 
-600000 
-500000 
-500000 
-400000 
-300000 
-200000 
-200000 
-100000 
0 
0 
100000 
200000 
300000 
300000 
400000 
500000 
600000 
600000 
700000 
800000 
900000 
900000 
1000000 
1100000 
1200000 
1300000 
1300000 
1400000 
1500000 
1600000 
1700000 
1700000 
1800000 
1900000 
2000000 
2100000 
2100000 
2200000 
2300000 
2400000 
2400000 
2500000 
2600000 
2700000 
2700000 
2800000 
2900000 
3000000 
3000000 
3100000 
3100000 
3200000 
3300000 
3400000 
3400000 
3500000 
3600000 
3600000 
3700000 
3800000 
3800000 
3900000 
3900000 
4000000 
4100000 
4100000 
4200000 
4200000 
4300000 
4400000 
4400000 
4500000 
4500000 
4600000 
4600000 
4700000 
4700000 
4800000 
4800000 
4900000 
4900000 
4900000 
5000000 
5000000 
5100000 
5100000 
5100000 
5200000 
5200000 
5200000 
5200000 
5300000 
5300000 
5400000 
5400000 
5400000 
5400000 
5400000 
5400000 
5500000 
5500000 
5500000 
5500000 
5500000 
5500000 
5500000 
5600000 
5600000 
5600000 
5600000 
5600000 
5600000 
5600000 
5600000 
5600000 
5600000 
5600000 
5600000 
5600000 
5600000 
5500000 
5600000 
5500000 
5500000 
5500000 
5500000 
5500000 
5400000 
5400000 
5400000 
5400000 
5400000 
5300000 
5300000 
5300000 
5200000 
5200000 
5100000 
5100000 
5100000 
5000000 
5000000 
4900000 
4900000 
4900000 
4800000 
4700000 
4700000 
4700000 
4600000 
4500000 
4500000 
4400000 
4400000 
4300000 
4300000 
4200000 
4100000 
4100000 
4000000 
3900000 
3900000 
3800000 
3700000 
3700000 
3600000 
3500000 
3400000 
3300000 
3300000 
3200000 
3100000 
3000000 
2900000 
2900000 
2800000 
2700000 
2600000 
2500000 
2400000 
2300000 
2300000 
2200000 
2100000 
2000000 
1900000 
1800000 
1700000 
1600000 
1500000 
1400000 
1300000 
1200000 
1100000 
1000000 
900000 
800000 
700000 
600000 
500000 
400000 
300000 
200000 
100000 
0 
0 
-200000 
-300000 
-400000 
-500000 
-600000 
-700000 
-800000 
-900000 
-1000000 
-1100000 
-1200000 
-1300000 
-1500000 
-1600000 
-1700000 
-1800000 
-1900000 
-2000000 
-2000000 
-2200000 
-2300000 
-2400000 
-2500000 
-2600000 
-2700000 
-2800000 
-2900000 
-3000000 
-3100000 
-3200000 
-3300000 
-3400000 
-3500000 
-3600000 
-3700000 
-3800000 
-3900000 
-4000000 
-4100000 
-4100000 
-4300000 
-4400000 
-4400000 
-4500000 
-4600000 
-4700000 
-4800000 
-4900000 
-5000000 
-5100000 
-5100000 
-5200000 
-5300000 
-5400000 
-5400000 
-5600000 
-5600000 
-5700000 
-5700000 
-5900000 
-5900000 
-6000000 
-6000000 
-6100000 
-6200000 
-6200000 
-6300000 
-6400000 
-6400000 
-6500000 
-6600000 
-6600000 
-6600000 
-6700000 
-6800000 
-6800000 
-6800000 
-6900000 
-7000000 
-7000000 
-7000000 
-7000000 
-7100000 
-7100000 
-7200000 
-7200000 
-7300000 
-7300000 
-7300000 
-7300000 
-7400000 
-7400000 
-7400000 
-7400000 
-7400000 
-7400000 
-7400000 
-7400000 
-7400000 
-7400000 
-7400000 
-7500000 
-7500000 
-7500000 
-7500000 
-7400000 
-7400000 
-7500000 
-7500000 
-7400000 
-7400000 
-7400000 
-7400000 
-7300000 
-7300000 
-7300000 
-7300000 
-7200000 
-7200000 
-7200000 
-7100000 
-7100000 
-7100000 
-7100000 
-7000000 
-6900000 
-6900000 
-6800000 
-6800000 
-6700000 
-6700000 
-6600000 
-6600000 
-6500000 
-6500000 
-6400000 
-6400000 
-6300000 
-6200000 
-6100000 
-6100000 
-6000000 
-5900000 
-5900000 
-5800000 
-5700000 
-5600000 
-5500000 
-5500000 
-5400000 
-5300000 
-5200000 
-5100000 
-5000000 
-4900000 
-4800000 
-4700000 
-4600000 
-4500000 
-4400000 
-4300000 
-4200000 
-4100000 
-4000000 
-3900000 
-3800000 
-3700000 
-3600000 
-3500000 
-3300000 
-3200000 
-3100000 
-3000000 
-2900000 
-2800000 
-2700000 
-2500000 
-2400000 
-2300000 
-2200000 
-2000000 
-1900000 
-1800000 
-1700000 
-1500000 
-1400000 
-1300000 
-1100000 
-1000000 
-900000 
-800000 
-600000 
-500000 
-400000 
-200000 
-100000 
0 
100000 
300000 
400000 
500000 
700000 
800000 
900000 
1100000 
1200000 
1300000 
1500000 
1600000 
1700000 
1900000 
2000000 
2100000 
2300000 
2400000 
2500000 
2700000 
2700000 
2900000 
3000000 
3100000 
3300000 
3400000 
3600000 
3700000 
3800000 
3900000 
4000000 
4200000 
4300000 
4400000 
4500000 
4700000 
4800000 
4900000 
5000000 
5200000 
5200000 
5400000 
5400000 
5600000 
5700000 
5800000 
5900000 
6000000 
6100000 
6200000 
6300000 
6500000 
6500000 
6600000 
6700000 
6800000 
6900000 
7000000 
7100000 
7200000 
7300000 
7300000 
7400000 
7500000 
7600000 
7700000 
7700000 
7800000 
7900000 
8000000 
8000000 
8100000 
8100000 
8200000 
8300000 
8400000 
8400000 
8400000 
8500000 
8500000 
8600000 
8600000 
8700000 
8700000 
8800000 
8800000 
8900000 
8900000 
8900000 
8900000 
9000000 
9000000 
9000000 
9000000 
9000000 
9000000 
9000000 
9100000 
9000000 
9000000 
9100000 
9100000 
9100000 
9100000 
9100000 
9000000 
9000000 
9000000 
9100000 
9000000 
9000000 
8900000 
8900000 
8900000 
8900000 
8800000 
8800000 
8800000 
8700000 
8700000 
8600000 
8600000 
8500000 
8500000 
8400000 
8400000 
8300000 
8300000 
8200000 
8100000 
8100000 
8000000 
7900000 
7900000 
7800000 
7700000 
7700000 
7500000 
7400000 
7400000 
7300000 
7200000 
7100000 
7000000 
6900000 
6800000 
6700000 
6600000 
6500000 
6400000 
6200000 
6200000 
6000000 
6000000 
5800000 
5700000 
5600000 
5500000 
5400000 
5200000 
5100000 
4900000 
4900000 
4700000 
4600000 
4400000 
4300000 
4200000 
4100000 
3900000 
3800000 
3600000 
3500000 
3300000 
3200000 
3100000 
2900000 
2800000 
2600000 
2500000 
2300000 
2200000 
2000000 
1900000 
1700000 
1600000 
1400000 
1300000 
1100000 
1000000 
800000 
600000 
500000 
300000 
100000 
0 
-100000 
-300000 
-400000 
-600000 
-800000 
-900000 
-1100000 
-1200000 
-1400000 
-1500000 
-1700000 
-1900000 
-2000000 
-2200000 
-2300000 
-2500000 
-2600000 
-2800000 
-3000000 
-3100000 
-3300000 
-3400000 
-3600000 
-3700000 
-3900000 
-4000000 
-4200000 
-4300000 
-4500000 
-4700000 
-4700000 
-4900000 
-5100000 
-5200000 
-5400000 
-5500000 
-5600000 
-5800000 
-5900000 
-6100000 
-6200000 
-6300000 
-6500000 
-6600000 
-6700000 
-6900000 
-7000000 
-7100000 
-7200000 
-7300000 
-7500000 
-7600000 
-7700000 
-7800000 
-7900000 
-8100000 
-8200000 
-8200000 
-8300000 
-8500000 
-8600000 
-8700000 
-8800000 
-8800000 
-8900000 
-9000000 
-9100000 
-9200000 
-9300000 
-9400000 
-9500000 
-9600000 
-9600000 
-9700000 
-9700000 
-9800000 
-9900000 
-9900000 
-10000000 
-10100000 
-10100000 
-10200000 
-10200000 
-10300000 
-10300000 
-10400000 
-10400000 
-10500000 
-10500000 
-10500000 
-10500000 
-10600000 
-10600000 
-10600000 
-10600000 
-10600000 
-10600000 
-10600000 
-10600000 
-10700000 
-10700000 
-10700000 
-10700000 
-10700000 
-10700000 
-10700000 
-10600000 
-10600000 
-10600000 
-10600000 
-10600000 
-10600000 
-10500000 
-10500000 
-10400000 
-10400000 
-10300000 
-10400000 
-10300000 
-10200000 
-10200000 
-10100000 
-10000000 
-10000000 
-10000000 
-9900000 
-9800000 
-9700000 
-9700000 
-9600000 
-9500000 
-9400000 
-9300000 
-9300000 
-9200000 
-9100000 
-9000000 
-8900000 
-8800000 
-8700000 
-8600000 
-8400000 
-8400000 
-8300000 
-8100000 
-8000000 
-8000000 
-7800000 
-7700000 
-7500000 
-7500000 
-7300000 
-7200000 
-7000000 
-7000000 
-6800000 
-6600000 
-6500000 
-6400000 
-6200000 
-6100000 
-5900000 
-5800000 
-5600000 
-5500000 
-5400000 
-5200000 
-5000000 
-4900000 
-4800000 
-4600000 
-4400000 
-4200000 
-4100000 
-3900000 
-3700000 
-3500000 
-3400000 
-3300000 
-3100000 
-2900000 
-2800000 
-2600000 
-2400000 
-2200000 
-2100000 
-1900000 
-1700000 
-1500000 
-1400000 
-1200000 
-900000 
-800000 
-600000 
-400000 
-200000 
0 
0 
200000 
400000 
600000 
700000 
900000 
1100000 
1300000 
1500000 
1600000 
1800000 
2000000 
2200000 
2400000 
2500000 
2700000 
2900000 
3100000 
3300000 
3400000 
3600000 
3800000 
4000000 
4200000 
4200000 
4400000 
4600000 
4800000 
5000000 
5200000 
5300000 
5400000 
5600000 
5800000 
6000000 
6100000 
6300000 
6400000 
6500000 
6700000 
6900000 
7000000 
7200000 
7400000 
7500000 
7600000 
7700000 
7900000 
8000000 
8200000 
8300000 
8400000 
8600000 
8700000 
8800000 
8900000 
9000000 
9100000 
9200000 
9400000 
9500000 
9600000 
9700000 
9800000 
9900000 
10000000 
10100000 
10200000 
10300000 
10400000 
10500000 
10600000 
10700000 
10800000 
10800000 
10900000 
11000000 
11000000 
11100000 
11200000 
11200000 
11300000 
11300000 
11400000 
11400000 
11500000 
11500000 
11600000 
11600000 
11600000 
11600000 
11700000 
11700000 
11700000 
11700000 
11700000 
11700000 
11700000 
11700000 
11700000 
11700000 
11700000 
11700000 
11700000 
11700000 
11700000 
11700000 
11700000 
11700000 
11600000 
11600000 
11600000 
11500000 
11500000 
11400000 
11400000 
11300000 
11300000 
11200000 
11200000 
11200000 
11100000 
11000000 
10900000 
10900000 
10800000 
10700000 
10600000 
10500000 
10500000 
10400000 
10300000 
10200000 
10100000 
10000000 
9900000 
9800000 
9600000 
9500000 
9500000 
9400000 
9200000 
9100000 
9000000 
8800000 
8700000 
8600000 
8400000 
8400000 
8200000 
8100000 
7900000 
7800000 
7600000 
7400000 
7300000 
7100000 
7100000 
6900000 
6700000 
6600000 
6400000 
6200000 
6000000 
5900000 
5700000 
5600000 
5400000 
5200000 
5100000 
4900000 
4700000 
4500000 
4300000 
4100000 
4000000 
3800000 
3600000 
3400000 
3200000 
3000000 
2800000 
2600000 
2400000 
2200000 
2100000 
1900000 
1700000 
1500000 
1300000 
1100000 
900000 
700000 
500000 
300000 
100000 
0 
-100000 
-300000 
-500000 
-700000 
-900000 
-1100000 
-1300000 
-1500000 
-1700000 
-1900000 
-2100000 
-2300000 
-2500000 
-2700000 
-2800000 
-3000000 
-3200000 
-3400000 
-3600000 
-3800000 
-4000000 
-4200000 
-4400000 
-4600000 
-4800000 
-5000000 
-5100000 
-5300000 
-5500000 
-5700000 
-5900000 
-6000000 
-6200000 
-6300000 
-6500000 
-6700000 
-6800000 
-7000000 
-7200000 
-7300000 
-7500000 
-7600000 
-7800000 
-8000000 
-8100000 
-8300000 
-8400000 
-8600000 
-8700000 
-8900000 
-9000000 
-9100000 
-9300000 
-9400000 
-9600000 
-9700000 
-9800000 
-9900000 
-10100000 
-10200000 
-10300000 
-10400000 
-10500000 
-10600000 
-10700000 
-10800000 
-10900000 
-11000000 
-11100000 
-11200000 
-11300000 
-11400000 
-11500000 
-11600000 
-11600000 
-11700000 
-11800000 
-11900000 
-11900000 
-12000000 
-12000000 
-12100000 
-12100000 
-12200000 
-12200000 
-12300000 
-12300000 
-12400000 
-12400000 
-12400000 
-12500000 
-12500000 
-12500000 
-12500000 
-12500000 
-12500000 
-12500000 
-12500000 
-12500000 
-12500000 
-12500000 
-12500000 
-12500000 
-12500000 
-12600000 
-12600000 
-12500000 
-12500000 
-12500000 
-12400000 
-12400000 
-12400000 
-12300000 
-12300000 
-12200000 
-12200000 
-12100000 
-12100000 
-12000000 
-11900000 
-11900000 
-11800000 
-11700000 
-11600000 
-11500000 
-11500000 
-11400000 
-11300000 
-11200000 
-11100000 
-11000000 
-10900000 
-10800000 
-10700000 
-10600000 
-10500000 
-10300000 
-10200000 
-10100000 
-10000000 
-10000000 
-9800000 
-9700000 
-9600000 
-9400000 
-9300000 
-9100000 
-9000000 
-8900000 
-8700000 
-8600000 
-8400000 
-8300000 
-8100000 
-7900000 
-7800000 
-7600000 
-7400000 
-7300000 
-7100000 
-6900000 
-6800000 
-6600000 
-6400000 
-6200000 
-6100000 
-5900000 
-5700000 
-5500000 
-5300000 
-5200000 
-5000000 
-4800000 
-4600000 
-4400000 
-4200000 
-4000000 
-3800000 
-3600000 
-3400000 
-3200000 
-3000000 
-2800000 
-2600000 
-2400000 
-2200000 
-2000000 
-1800000 
-1600000 
-1400000 
-1200000 
-1000000 
-800000 
-600000 
-400000 
-200000 
0 
0 
200000 
400000 
600000 
800000 
1000000 
1200000 
1400000 
1600000 
1800000 
2000000 
2200000 
2400000 
2600000 
2800000 
3000000 
3200000 
3400000 
3600000 
3800000 
4000000 
4200000 
4400000 
4600000 
4800000 
5000000 
5200000 
5300000 
5500000 
5700000 
5900000 
6100000 
6200000 
6400000 
6600000 
6800000 
6900000 
7100000 
7300000 
7400000 
7600000 
7800000 
7900000 
8100000 
8200000 
8400000 
8500000 
8700000 
8800000 
9000000 
9100000 
9300000 
9400000 
9500000 
9700000 
9800000 
9900000 
10000000 
10200000 
10300000 
10400000 
10500000 
10600000 
10700000 
10800000 
10900000 
11000000 
11100000 
11200000 
11300000 
11400000 
11500000 
11600000 
11700000 
11700000 
11800000 
11900000 
12000000 
12000000 
12100000 
12100000 
12200000 
12300000 
12300000 
12300000 
12400000 
12400000 
12500000 
12500000 
12500000 
12600000 
12600000 
12600000 
12600000 
12600000 
12600000 
12600000 
12600000 
12600000 
12600000 
12600000 
12600000 
12600000 
12600000 
12600000 
12600000 
12500000 
12500000 
12500000 
12400000 
12400000 
12400000 
12300000 
12300000 
12200000 
12200000 
12100000 
12000000 
12000000 
11900000 
11800000 
11800000 
11700000 
11600000 
11500000 
11500000 
11400000 
11300000 
11200000 
11100000 
11000000 
10900000 
10800000 
10700000 
10600000 
10400000 
10300000 
10200000 
10100000 
10000000 
9800000 
9700000 
9600000 
9400000 
9300000 
9200000 
9000000 
8900000 
8700000 
8600000 
8400000 
8300000 
8100000 
8000000 
7800000 
7700000 
7500000 
7300000 
7200000 
7000000 
6800000 
6700000 
6500000 
6300000 
6100000 
6000000 
5800000 
5600000 
5400000 
5200000 
5000000 
4800000 
4700000 
4500000 
4300000 
4100000 
3900000 
3700000 
3500000 
3300000 
3100000 
2900000 
2700000 
2500000 
2300000 
2100000 
1900000 
1700000 
1500000 
1300000 
1100000 
900000 
700000 
500000 
300000 
100000 
0 
-100000 
-300000 
-500000 
-700000 
-900000 
-1100000 
-1300000 
-1500000 
-1800000 
-2000000 
-2200000 
-2400000 
-2600000 
-2800000 
-3000000 
-3200000 
-3300000 
-3500000 
-3700000 
-3900000 
-4100000 
-4300000 
-4500000 
-4700000 
-4900000 
-5100000 
-5300000 
-5500000 
-5600000 
-5800000 
-6000000 
-6200000 
-6400000 
-6500000 
-6700000 
-6900000 
-7000000 
-7200000 
-7400000 
-7400000 
-7600000 
-7800000 
-7900000 
-8100000 
-8200000 
-8400000 
-8600000 
-8700000 
-8800000 
-9000000 
-9100000 
-9300000 
-9400000 
-9500000 
-9700000 
-9800000 
-9900000 
-10100000 
-10200000 
-10300000 
-10400000 
-10500000 
-10600000 
-10700000 
-10800000 
-10900000 
-11000000 
-11100000 
-11100000 
-11200000 
-11300000 
-11400000 
-11500000 
-11600000 
-11700000 
-11700000 
-11800000 
-11900000 
-11900000 
-12000000 
-12000000 
-12100000 
-12200000 
-12200000 
-12200000 
-12300000 
-12300000 
-12400000 
-12400000 
-12400000 
-12400000 
-12400000 
-12400000 
-12400000 
-12400000 
-12400000 
-12400000 
-12400000 
-12400000 
-12400000 
-12400000 
-12400000 
-12400000 
-12400000 
-12400000 
-12400000 
-12300000 
-12300000 
-12300000 
-12200000 
-12200000 
-12200000 
-12100000 
-12100000 
-12000000 
-12000000 
-11900000 
-11800000 
-11800000 
-11700000 
-11600000 
-11600000 
-11500000 
-11400000 
-11300000 
-11200000 
-11200000 
-11100000 
-11000000 
-10900000 
-10800000 
-10700000 
-10600000 
-10500000 
-10400000 
-10200000 
-10100000 
-10000000 
-9900000 
-9800000 
-9600000 
-9500000 
-9400000 
-9200000 
-9100000 
-9000000 
-8800000 
-8700000 
-8500000 
-8400000 
-8200000 
-8100000 
-7900000 
-7800000 
-7600000 
-7500000 
-7300000 
-7100000 
-7000000 
-6900000 
-6700000 
-6500000 
-6400000 
-6200000 
-6000000 
-5800000 
-5700000 
-5500000 
-5300000 
-5100000 
-4900000 
-4700000 
-4500000 
-4400000 
-4200000 
-4100000 
-3900000 
-3700000 
-3500000 
-3300000 
-3100000 
-2900000 
-2700000 
-2500000 
-2300000 
-2100000 
-2000000 
-1800000 
-1600000 
-1400000 
-1200000 
-1000000 
-800000 
-600000 
-400000 
-200000 
0 
0 
200000 
400000 
700000 
900000 
1100000 
1300000 
1500000 
1600000 
1800000 
2000000 
2200000 
2400000 
2600000 
2800000 
3000000 
3200000 
3300000 
3500000 
3700000 
3800000 
4000000 
4200000 
4400000 
4500000 
4700000 
4900000 
5100000 
5200000 
5400000 
5600000 
5800000 
5900000 
6000000 
6200000 
6400000 
6600000 
6700000 
6900000 
7000000 
7100000 
7300000 
7400000 
7600000 
7800000 
7900000 
8000000 
8100000 
8300000 
8400000 
8500000 
8700000 
8800000 
8900000 
9000000 
9100000 
9200000 
9400000 
9500000 
9600000 
9700000 
9800000 
9800000 
10000000 
10100000 
10200000 
10300000 
10400000 
10500000 
10500000 
10500000 
10600000 
10700000 
10800000 
10900000 
10900000 
11000000 
11100000 
11100000 
11100000 
11200000 
11200000 
11300000 
11300000 
11400000 
11400000 
11400000 
11500000 
11500000 
11500000 
11500000 
11500000 
11500000 
11500000 
11500000 
11500000 
11500000 
11500000 
11500000 
11500000 
11500000 
11500000 
11500000 
11500000 
11500000 
11500000 
11400000 
11400000 
11400000 
11300000 
11300000 
11300000 
11200000 
11200000 
11100000 
11000000 
11000000 
10900000 
10900000 
10800000 
10700000 
10700000 
10600000 
10500000 
10400000 
10300000 
10300000 
10200000 
10100000 
10000000 
9900000 
9800000 
9700000 
9600000 
9400000 
9300000 
9200000 
9100000 
9100000 
9000000 
8800000 
8700000 
8600000 
8400000 
8300000 
8200000 
8000000 
7900000 
7800000 
7700000 
7500000 
7400000 
7200000 
7100000 
6900000 
6800000 
6700000 
6500000 
6300000 
6200000 
6000000 
5900000 
5800000 
5600000 
5400000 
5200000 
5000000 
5000000 
4800000 
4600000 
4400000 
4200000 
4100000 
3900000 
3800000 
3600000 
3400000 
3300000 
3100000 
2900000 
2700000 
2600000 
2400000 
2200000 
2000000 
1900000 
1700000 
1500000 
1300000 
1200000 
1000000 
800000 
600000 
500000 
300000 
100000 
0 
-200000 
-400000 
-600000 
-700000 
-900000 
-1100000 
-1300000 
-1400000 
-1600000 
-1800000 
-1900000 
-2100000 
-2300000 
-2500000 
-2600000 
-2800000 
-3000000 
-3100000 
-3300000 
-3500000 
-3600000 
-3800000 
-3900000 
-4100000 
-4200000 
-4400000 
-4600000 
-4700000 
-4900000 
-5000000 
-5100000 
-5300000 
-5500000 
-5600000 
-5700000 
-5900000 
-6100000 
-6100000 
-6300000 
-6500000 
-6500000 
-6700000 
-6900000 
-7000000 
-7100000 
-7200000 
-7400000 
-7400000 
-7600000 
-7700000 
-7800000 
-7900000 
-8000000 
-8200000 
-8200000 
-8300000 
-8500000 
-8600000 
-8600000 
-8700000 
-8800000 
-8900000 
-9000000 
-9100000 
-9200000 
-9300000 
-9300000 
-9400000 
-9500000 
-9600000 
-9600000 
-9600000 
-9700000 
-9800000 
-9900000 
-9900000 
-9900000 
-10000000 
-10000000 
-10100000 
-10200000 
-10100000 
-10200000 
-10200000 
-10300000 
-10300000 
-10300000 
-10400000 
-10300000 
-10300000 
-10400000 
-10400000 
-10400000 
-10400000 
-10400000 
-10400000 
-10400000 
-10400000 
-10400000 
-10300000 
-10300000 
-10300000 
-10300000 
-10300000 
-10300000 
-10300000 
-10200000 
-10200000 
-10200000 
-10100000 
-10100000 
-10100000 
-10000000 
-10000000 
-9900000 
-9900000 
-9800000 
-9700000 
-9700000 
-9600000 
-9600000 
-9500000 
-9500000 
-9400000 
-9300000 
-9200000 
-9100000 
-9100000 
-9000000 
-8900000 
-8800000 
-8800000 
-8700000 
-8500000 
-8400000 
-8300000 
-8300000 
-8200000 
-8100000 
-7900000 
-7800000 
-7800000 
-7700000 
-7500000 
-7400000 
-7300000 
-7200000 
-7100000 
-6900000 
-6800000 
-6700000 
-6600000 
-6400000 
-6300000 
-6200000 
-6000000 
-6000000 
-5800000 
-5600000 
-5600000 
-5400000 
-5200000 
-5100000 
-5000000 
-4800000 
-4700000 
-4500000 
-4400000 
-4300000 
-4100000 
-4000000 
-3800000 
-3700000 
-3500000 
-3300000 
-3200000 
-3100000 
-3000000 
-2800000 
-2600000 
-2500000 
-2300000 
-2200000 
-2000000 
-1900000 
-1700000 
-1600000 
-1400000 
-1300000 
-1100000 
-1000000 
-800000 
-700000 
-400000 
-300000 
-100000 
0 
100000 
300000 
400000 
500000 
700000 
800000 
1000000 
1100000 
1300000 
1400000 
1600000 
1700000 
1900000 
2000000 
2200000 
2300000 
2500000 
2600000 
2800000 
2900000 
3100000 
3200000 
3300000 
3400000 
3600000 
3700000 
3800000 
4000000 
4100000 
4300000 
4300000 
4500000 
4600000 
4800000 
4800000 
5000000 
5100000 
5300000 
5300000 
5500000 
5600000 
5700000 
5800000 
5900000 
6000000 
6100000 
6200000 
6300000 
6400000 
6500000 
6600000 
6700000 
6800000 
6900000 
7000000 
7000000 
7200000 
7200000 
7300000 
7400000 
7400000 
7600000 
7600000 
7700000 
7800000 
7800000 
7900000 
8000000 
8000000 
8100000 
8100000 
8100000 
8200000 
8300000 
8300000 
8300000 
8400000 
8400000 
8400000 
8500000 
8600000 
8600000 
8600000 
8600000 
8700000 
8700000 
8700000 
8700000 
8700000 
8700000 
8800000 
8700000 
8700000 
8700000 
8700000 
8700000 
8700000 
8700000 
8700000 
8700000 
8700000 
8700000 
8700000 
8600000 
8600000 
8600000 
8600000 
8500000 
8500000 
8500000 
8400000 
8400000 
8400000 
8400000 
8300000 
8200000 
8200000 
8100000 
8100000 
8000000 
8000000 
8000000 
7900000 
7800000 
7700000 
7700000 
7600000 
7500000 
7500000 
7400000 
7300000 
7300000 
7100000 
7100000 
7000000 
6900000 
6800000 
6800000 
6700000 
6600000 
6500000 
6400000 
6300000 
6200000 
6100000 
6000000 
5900000 
5800000 
5700000 
5600000 
5500000 
5400000 
5300000 
5200000 
5100000 
5000000 
4800000 
4700000 
4600000 
4500000 
4400000 
4300000 
4100000 
4100000 
3900000 
3800000 
3700000 
3500000 
3500000 
3300000 
3200000 
3100000 
2900000 
2800000 
2700000 
2600000 
2400000 
2300000 
2200000 
2000000 
2000000 
1800000 
1700000 
1600000 
1500000 
1300000 
1200000 
1100000 
900000 
800000 
600000 
500000 
400000 
300000 
100000 
0 
0 
-200000 
-300000 
-400000 
-500000 
-700000 
-800000 
-900000 
-1000000 
-1200000 
-1300000 
-1400000 
-1500000 
-1600000 
-1800000 
-1900000 
-2000000 
-2100000 
-2200000 
-2400000 
-2500000 
-2600000 
-2700000 
-2800000 
-2900000 
-3000000 
-3100000 
-3200000 
-3400000 
-3500000 
-3600000 
-3700000 
-3800000 
-3900000 
-4000000 
-4100000 
-4200000 
-4300000 
-4400000 
-4400000 
-4600000 
-4700000 
-4700000 
-4800000 
-4900000 
-5000000 
-5100000 
-5200000 
-5200000 
-5300000 
-5400000 
-5500000 
-5500000 
-5600000 
-5700000 
-5800000 
-5800000 
-5900000 
-6000000 
-6000000 
-6100000 
-6100000 
-6200000 
-6300000 
-6300000 
-6400000 
-6400000 
-6500000 
-6500000 
-6600000 
-6600000 
-6700000 
-6700000 
-6700000 
-6800000 
-6800000 
-6800000 
-6900000 
-6900000 
-6900000 
-6900000 
-7000000 
-7000000 
-7000000 
-7000000 
-7100000 
-7100000 
-7000000 
-7100000 
-7100000 
-7100000 
-7100000 
-7100000 
-7100000 
-7100000 
-7100000 
-7100000 
-7100000 
-7100000 
-7100000 
-7000000 
-7000000 
-7000000 
-7000000 
-7000000 
-7000000 
-7000000 
-6900000 
-6900000 
-6900000 
-6800000 
-6800000 
-6800000 
-6800000 
-6800000 
-6700000 
-6600000 
-6600000 
-6600000 
-6500000 
-6500000 
-6400000 
-6400000 
-6400000 
-6300000 
-6200000 
-6200000 
-6100000 
-6000000 
-6000000 
-5900000 
-5900000 
-5800000 
-5700000 
-5700000 
-5600000 
-5600000 
-5500000 
-5400000 
-5300000 
-5300000 
-5200000 
-5200000 
-5000000 
-5000000 
-4900000 
-4800000 
-4800000 
-4600000 
-4600000 
-4500000 
-4400000 
-4300000 
-4300000 
-4100000 
-4100000 
-4000000 
-3900000 
-3800000 
-3700000 
-3600000 
-3600000 
-3400000 
-3300000 
-3200000 
-3200000 
-3100000 
-3000000 
-2900000 
-2800000 
-2700000 
-2600000 
-2500000 
-2400000 
-2300000 
-2200000 
-2100000 
-2000000 
-1900000 
-1800000 
-1700000 
-1600000 
-1500000 
-1400000 
-1300000 
-1200000 
-1100000 
-1000000 
-900000 
-800000 
-700000 
-600000 
-500000 
-400000 
-300000 
-200000 
-100000 
0 
0 
100000 
200000 
300000 
400000 
500000 
600000 
700000 
800000 
900000 
1000000 
1100000 
1200000 
1300000 
1400000 
1500000 
1500000 
1600000 
1700000 
1800000 
1900000 
2000000 
2100000 
2200000 
2300000 
2400000 
2400000 
2500000 
2600000 
2700000 
2800000 
2800000 
2900000 
3000000 
3100000 
3100000 
3200000 
3300000 
3300000 
3400000 
3500000 
3500000 
3600000 
3700000 
3700000 
3800000 
3900000 
3900000 
4000000 
4000000 
4100000 
4100000 
4200000 
4300000 
4300000 
4400000 
4400000 
4500000 
4500000 
4500000 
4600000 
4600000 
4700000 
4700000 
4800000 
4800000 
4800000 
4900000 
4900000 
4900000 
5000000 
5000000 
5000000 
5000000 
5100000 
5100000 
5100000 
5100000 
5200000 
5200000 
5200000 
5200000 
5200000 
5200000 
5200000 
5200000 
5200000 
5300000 
5200000 
5200000 
5300000 
5300000 
5300000 
5200000 
5200000 
5200000 
5200000 
5200000 
5200000 
5200000 
5200000 
5200000 
5200000 
5200000 
5100000 
5100000 
5100000 
5100000 
5100000 
5000000 
5000000 
5000000 
5000000 
4900000 
4900000 
4900000 
4800000 
4800000 
4800000 
4700000 
4700000 
4600000 
4600000 
4600000 
4500000 
4500000 
4400000 
4400000 
4400000 
4300000 
4300000 
4200000 
4200000 
4100000 
4100000 
4000000 
4000000 
3900000 
3900000 
3800000 
3800000 
3700000 
3600000 
3600000 
3500000 
3500000 
3400000 
3300000 
3300000 
3200000 
3200000 
3100000 
3000000 
3000000 
2900000 
2800000 
2800000 
2700000 
2600000 
2600000 
2500000 
2400000 
2400000 
2300000 
2200000 
2200000 
2100000 
2000000 
1900000 
1900000 
1800000 
1700000 
1700000 
1600000 
1500000 
1400000 
1400000 
1300000 
1200000 
1100000 
1100000 
1000000 
900000 
800000 
800000 
700000 
600000 
600000 
500000 
400000 
300000 
300000 
200000 
100000 
100000 
0 
0 
-100000 
-200000 
-300000 
-300000 
-400000 
-500000 
-500000 
-600000 
-700000 
-700000 
-800000 
-900000 
-900000 
-1000000 
-1100000 
-1100000 
-1200000 
-1300000 
-1300000 
-1400000 
-1500000 
-1500000 
-1600000 
-1600000 
-1700000 
-1800000 
-1800000 
-1900000 
-1900000 
-2000000 
-2100000 
-2100000 
-2100000 
-2200000 
-2300000 
-2300000 
-2400000 
-2400000 
-2500000 
-2500000 
-2600000 
-2600000 
-2600000 
-2700000 
-2700000 
-2800000 
-2800000 
-2900000 
-2900000 
-3000000 
-3000000 
-3000000 
-3100000 
-3100000 
-3100000 
-3200000 
-3200000 
-3200000 
-3300000 
-3300000 
-3300000 
-3400000 
-3400000 
-3400000 
-3400000 
-3500000 
-3500000 
-3500000 
-3500000 
-3500000 
-3600000 
-3600000 
-3600000 
-3600000 
-3600000 
-3700000 
-3600000 
-3700000 
-3700000 
-3700000 
-3700000 
-3700000 
-3700000 
-3700000 
-3700000 
-3700000 
-3700000 
-3700000 
-3700000 
-3700000 
-3800000 
-3700000 
-3700000 
-3700000 
-3700000 
-3700000 
-3700000 
-3700000 
-3700000 
-3700000 
-3700000 
-3700000 
-3700000 
-3700000 
-3600000 
-3600000 
-3600000 
-3600000 
-3600000 
-3600000 
-3500000 
-3500000 
-3500000 
-3500000 
-3500000 
-3400000 
-3400000 
-3400000 
-3300000 
-3300000 
-3300000 
-3300000 
-3300000 
-3200000 
-3200000 
-3200000 
-3100000 
-3100000 
-3100000 
-3000000 
-3000000 
-3000000 
-2900000 
-2900000 
-2900000 
-2800000 
-2800000 
-2700000 
-2700000 
-2700000 
-2600000 
-2600000 
-2600000 
-2500000 
-2500000 
-2400000 
-2400000 
-2300000 
-2300000 
-2300000 
-2200000 
-2200000 
-2100000 
-2100000 
-2000000 
-2000000 
-1900000 
-1900000 
-1900000 
-1800000 
-1800000 
-1700000 
-1700000 
-1600000 
-1600000 
-1500000 
-1500000 
-1400000 
-1400000 
-1300000 
-1300000 
-1200000 
-1200000 
-1100000 
-1100000 
-1000000 
-1000000 
-900000 
-900000 
-800000 
-800000 
-700000 
-700000 
-600000 
-600000 
-500000 
-500000 
-500000 
-400000 
-400000 
-300000 
-300000 
-200000 
-200000 
-100000 
-100000 
0 
0 
0 
100000 
100000 
200000 
200000 
300000 
300000 
400000 
400000 
500000 
500000 
600000 
600000 
600000 
700000 
700000 
800000 
800000 
800000 
900000 
900000 
1000000 
1000000 
1000000 
1100000 
1100000 
1200000 
1200000 
1200000 
1300000 
1300000 
1300000 
1400000 
1400000 
1400000 
1500000 
1500000 
1500000 
1600000 
1600000 
1600000 
1600000 
1700000 
1700000 
1700000 
1800000 
1800000 
1800000 
1800000 
1900000 
1900000 
1900000 
1900000 
1900000 
2000000 
2000000 
2000000 
2000000 
2100000 
2100000 
2100000 
2100000 
2100000 
2100000 
2200000 
2200000 
2200000 
2200000 
2200000 
2200000 
2200000 
2200000 
2200000 
2300000 
2300000 
2300000 
2300000 
2300000 
2300000 
2300000 
2300000 
2300000 
2300000 
2300000 
2300000 
2300000 
2300000 
2300000 
2300000 
2300000 
2300000 
2300000 
2300000 
2300000 
2300000 
2300000 
2300000 
2300000 
2300000 
2300000 
2300000 
2200000 
2200000 
2200000 
2200000 
2200000 
2200000 
2200000 
2200000 
2200000 
2100000 
2100000 
2100000 
2100000 
2100000 
2100000 
2100000 
2000000 
2000000 
2000000 
2000000 
2000000 
2000000 
1900000 
1900000 
1900000 
1900000 
1900000 
1800000 
1800000 
1800000 
1800000 
1700000 
1700000 
1700000 
1700000 
1600000 
1600000 
1600000 
1600000 
1500000 
1500000 
1500000 
1500000 
1400000 
1400000 
1400000 
1400000 
1300000 
1300000 
1300000 
1200000 
1200000 
1200000 
1200000 
1100000 
1100000 
1100000 
1000000 
1000000 
1000000 
1000000 
900000 
900000 
900000 
800000 
800000 
800000 
700000 
700000 
700000 
600000 
600000 
600000 
600000 
500000 
500000 
500000 
400000 
400000 
400000 
300000 
300000 
300000 
300000 
200000 
200000 
200000 
100000 
100000 
100000 
100000 
0 
0 
0 
0 
-100000 
-100000 
-100000 
-200000 
-200000 
-200000 
-300000 
-300000 
-300000 
-300000 
-400000 
-400000 
-400000 
-400000 
-500000 
-500000 
-500000 
-600000 
-600000 
-600000 
-600000 
-600000 
-700000 
-700000 
-700000 
-700000 
-800000 
-800000 
-800000 
-800000 
-900000 
-900000 
-900000 
-900000 
-900000 
-1000000 
-1000000 
-1000000 
-1000000 
-1000000 
-1100000 
-1100000 
-1100000 
-1100000 
-1100000 
-1100000 
-1200000 
-1200000 
-1200000 
-1200000 
-1200000 
-1200000 
-1200000 
-1300000 
-1300000 
-1300000 
-1300000 
-1300000 
-1300000 
-1300000 
-1300000 
-1400000 
-1400000 
-1400000 
-1400000 
-1400000 
-1400000 
-1400000 
-1400000 
-1400000 
-1400000 
-1400000 
-1400000 
-1400000 
-1500000 
-1500000 
-1500000 
-1500000 
-1500000 
-1500000 
-1500000 
-1500000 
-1500000 
-1500000 
-1500000 
-1500000 
-1500000 
-1500000 
-1500000 
-1500000 
-1500000 
-1500000 
-1500000 
-1500000 
-1500000 
-1500000 
-1500000 
-1500000 
-1500000 
-1500000 
-1500000 
-1500000 
-1500000 
-1400000 
-1400000 
-1400000 
-1400000 
-1400000 
-1400000 
-1400000 
-1400000 
-1400000 
-1400000 
-1400000 
-1400000 
-1400000 
-1400000 
-1300000 
-1300000 
-1300000 
-1300000 
-1300000 
-1300000 
-1300000 
-1300000 
-1300000 
-1200000 
-1200000 
-1200000 
-1200000 
-1200000 
-1200000 
-1200000 
-1100000 
-1100000 
-1100000 
-1100000 
-1100000 
-1100000 
-1100000 
-1000000 
-1000000 
-1000000 
-1000000 
-1000000 
-1000000 
-900000 
-900000 
-900000 
-900000 
-900000 
-900000 
-800000 
-800000 
-800000 
-800000 
-800000 
-800000 
-700000 
-700000 
-700000 
-700000 
-700000 
-700000 
-600000 
-600000 
-600000 
-600000 
-600000 
-500000 
-500000 
-500000 
-500000 
-500000 
-400000 
-400000 
-400000 
-400000 
-400000 
-400000 
-300000 
-300000 
-300000 
-300000 
-300000 
-200000 
-200000 
-200000 
-200000 
-200000 
-100000 
-100000 
-100000 
-100000 
-100000 
0 
0 
0 
0 
0 
0 
0 
100000 
100000 
100000 
100000 
100000 
200000 
200000 
200000 
200000 
200000 
200000 
300000 
300000 
300000 
300000 
300000 
300000 
300000 
400000 
400000 
400000 
400000 
400000 
400000 
500000 
500000 
500000 
500000 
500000 
500000 
500000 
600000 
600000 
600000 
600000 
600000 
600000 
600000 
600000 
700000 
700000 
700000 
700000 
700000 
700000 
700000 
700000 
700000 
700000 
800000 
800000 
800000 
800000 
800000 
800000 
800000 
800000 
800000 
800000 
800000 
900000 
900000 
900000 
900000 
900000 
900000 
900000 
900000 
900000 
900000 
900000 
900000 
900000 
900000 
900000 
900000 
900000 
900000 
900000 
900000 
900000 
900000 
900000 
900000 
900000 
1000000 
1000000 
1000000 
1000000 
900000 
900000 
900000 
900000 
900000 
900000 
900000 
900000 
900000 
900000 
900000 
900000 
900000 
900000 
900000 
900000 
900000 
900000 
900000 
900000 
900000 
900000 
900000 
900000 
900000 
900000 
900000 
900000 
900000 
900000 
800000 
800000 
800000 
800000 
800000 
800000 
800000 
800000 
800000 
800000 
800000 
800000 
700000 
700000 
700000 
700000 
700000 
700000 
700000 
700000 
700000 
700000 
600000 
600000 
600000 
600000 
600000 
600000 
600000 
600000 
500000 
500000 
